BELMONT,94002,37.5178022,-122.2900288,3907
BRISBANE,94005,37.6948419,-122.4070834,3441
BURLINGAME,94010,37.5685247,-122.367428,3870
DALY CITY,94014,37.6904558,-122.4523855,3347
DALY CITY,94015,37.6800002,-122.4863492,3445
HALF MOON BAY,94019,37.4903082,-122.4353995,3613
LOS ALTOS,94022,37.3694009,-122.1405413,4752
LOS ALTOS,94024,37.3478257,-122.1007867,3972
MENLO PARK,94025,37.4484914,-122.1802812,4367
ATHERTON,94027,37.4511795,-122.2029832,4377
PORTOLA VALLEY,94028,37.3871184,-122.2086579,6163
MILLBRAE,94030,37.5958949,-122.4184108,3695
MOUNTAIN VIEW,94035,37.41752,-122.0525,4050
MOSS BEACH,94038,37.5463543,-122.4863492,3047
MOUNTAIN VIEW,94040,37.3785351,-122.086585,4050
MOUNTAIN VIEW,94043,37.4062237,-122.0781663,4085
PACIFICA,94044,37.6101767,-122.4806894,3498
REDWOOD CITY,94061,37.4634447,-122.2256803,3847
REDWOOD CITY,94062,37.4108927,-122.2880726,3729
REDWOOD CITY,94063,37.5021585,-122.2086579,3599
REDWOOD CITY,94065,37.5331558,-122.2483726,4380
SAN BRUNO,94066,37.6210696,-122.4297369,3329
SAN CARLOS,94070,37.4975165,-122.2710602,3919
SOUTH SAN FRANCISCO,94080,37.6531903,-122.4184108,3432
SUNNYVALE,94085,37.3895297,-122.0183914,3355
SUNNYVALE,94086,37.371859,-122.0212337,3623
SUNNYVALE,94087,37.3492097,-122.0326019,3708
SUNNYVALE,94089,37.4110966,-122.0181762,3535
SAN FRANCISCO,94102,37.7786871,-122.4212424,3746
SAN FRANCISCO,94103,37.7726402,-122.4099154,4118
SAN FRANCISCO,94104,37.7911148,-122.4021273,4590
SAN FRANCISCO,94105,37.7890183,-122.3915063,4275
SAN FRANCISCO,94107,37.7618242,-122.3985871,4571
SAN FRANCISCO,94108,37.7909427,-122.4084994,4222
SAN FRANCISCO,94109,37.7929789,-122.4212424,4465
SAN FRANCISCO,94110,37.7485824,-122.4184108,4447
SAN FRANCISCO,94111,37.7959362,-122.4000032,4834
SAN FRANCISCO,94112,37.7225491,-122.4410618,3868
SAN FRANCISCO,94114,37.7561438,-122.4325682,4798
SAN FRANCISCO,94115,37.7877522,-122.4382307,4729
SAN FRANCISCO,94116,37.7432421,-122.497668,3856
SAN FRANCISCO,94117,37.7717185,-122.4438929,4542
SAN FRANCISCO,94118,37.7822891,-122.463708,4485
SAN FRANCISCO,94121,37.7813454,-122.497668,4128
SAN FRANCISCO,94122,37.7597481,-122.4750292,4093
SAN FRANCISCO,94123,37.8020405,-122.4382307,5055
SAN FRANCISCO,94124,37.7304167,-122.384425,3884
SAN FRANCISCO,94127,37.734646,-122.463708,4180
SAN FRANCISCO,94128,37.6239079,-122.3815924,4180
SAN FRANCISCO,94129,37.793323,-122.4665384,4247
SAN FRANCISCO,94130,37.8229361,-122.3702611,4247
SAN FRANCISCO,94131,37.7401042,-122.4382307,4478
SAN FRANCISCO,94132,37.7181398,-122.4863492,3942
SAN FRANCISCO,94133,37.8059887,-122.4099154,4896
SAN FRANCISCO,94134,37.7202042,-122.4099154,4017
PALO ALTO,94301,37.4457966,-122.1575745,4946
PALO ALTO,94303,37.4530553,-122.1178261,3861
PALO ALTO,94304,37.3813444,-122.1802812,3861
STANFORD,94305,37.4135757,-122.1689284,4646
PALO ALTO,94306,37.4177563,-122.1235054,4362
SAN MATEO,94401,37.5793536,-122.3164207,3526
SAN MATEO,94402,37.5245965,-122.3390936,4080
SAN MATEO,94403,37.5349925,-122.3050823,3648
SAN MATEO,94404,37.5549479,-122.2710602,3972
ALAMEDA,94501,37.7712165,-122.2824021,3221
ALAMEDA,94502,37.7339032,-122.2483726,3317
AMERICAN CANYON,94503,38.1876611,-122.2427,2555
DANVILLE,94506,37.8213111,-121.9131761,4298
ALAMO,94507,37.8541701,-122.0098642,4315
ANTIOCH,94509,38.0083802,-121.7993168,2267
BENICIA,94510,38.1153501,-122.1064668,2508
BIRDS LANDING,94512,38.1349416,-121.822098,2391
BRENTWOOD,94513,37.9341399,-121.6967438,2391
BYRON,94514,37.8076915,-121.6397184,2624
CLAYTON,94517,37.8793779,-121.8790306,3119
CONCORD,94518,37.9461207,-122.0212337,2766
CONCORD,94519,37.9876914,-122.0098642,2621
CONCORD,94520,38.0349026,-122.026918,2488
CONCORD,94521,37.9538109,-121.9643745,2869
PLEASANT HILL,94523,37.9448915,-122.0723816,3031
CROCKETT,94525,38.0456817,-122.2256803,2557
DANVILLE,94526,37.8006948,-121.9814354,3743
DIABLO,94528,37.8353026,-121.955525,6837
EL CERRITO,94530,37.9202057,-122.2937428,3164
ANTIOCH,94531,37.9644542,-121.7708337,2370
FAIRFIELD,94533,38.2493627,-122.0399969,2038
TRAVIS AFB,94535,38.2781462,-121.9302449,2038
FREMONT,94536,37.5641425,-122.004179,3003
FREMONT,94538,37.5042267,-121.9643745,2872
FREMONT,94539,37.5148444,-121.9131761,3351
HAYWARD,94541,37.6737239,-122.1007867,2710
HAYWARD,94542,37.6561165,-122.0326019,2907
HAYWARD,94544,37.6270256,-122.0496521,2670
HAYWARD,94545,37.6063621,-122.1178261,2877
CASTRO VALLEY,94546,37.7188649,-122.0780632,2717
HERCULES,94547,38.00674,-122.259717,2744
LAFAYETTE,94549,37.8929461,-122.1178261,3664
LIVERMORE,94550,37.6536947,-121.6739371,2958
CASTRO VALLEY,94552,37.7104576,-122.026918,3211
MARTINEZ,94553,37.9873593,-122.151897,2768
FREMONT,94555,37.5677679,-122.0522177,3211
MORAGA,94556,37.8357202,-122.1178261,4005
NAPA,94558,38.3170536,-122.3019206,2933
NAPA,94559,38.22965,-122.3220894,2738
NEWARK,94560,37.5189256,-122.026918,3088
OAKLEY,94561,38.0044162,-121.685341,2297
ORINDA,94563,37.8912529,-122.1859572,4295
PINOLE,94564,37.9963136,-122.2937428,2704
PITTSBURG,94565,38.0182853,-121.9245556,2308
PLEASANTON,94566,37.6436199,-121.8676464,3125
DUBLIN,94568,37.7202463,-121.8676464,2971
PORT COSTA,94569,38.0403192,-122.188795,2590
RIO VISTA,94571,38.1494225,-121.7423434,1910
RODEO,94572,38.02923,-122.2483726,2707
SAN LEANDRO,94577,37.7199247,-122.1689284,2750
SAN LEANDRO,94578,37.7050703,-122.1235054,2665
SAN LEANDRO,94579,37.6851553,-122.1575745,2669
SAN LORENZO,94580,37.6729393,-122.1348629,2708
SAN RAMON,94583,37.7624642,-121.9814354,3479
SUISUN CITY,94585,38.1705985,-121.9245556,2088
SUNOL,94586,37.5867626,-121.8334868,3374
UNION CITY,94587,37.5952304,-122.043969,2795
PLEASANTON,94588,37.6873908,-121.9131761,3406
VALLEJO,94589,38.1457572,-122.2710602,2093
VALLEJO,94590,38.1052454,-122.2483726,2104
VALLEJO,94591,38.1256242,-122.1973081,2223
VALLEJO,94592,38.088795,-122.2710602,2223
WALNUT CREEK,94595,37.8655663,-122.0666997,3562
WALNUT CREEK,94596,37.8824054,-122.026918,3585
WALNUT CREEK,94598,37.8961825,-121.9814354,3483
OAKLAND,94601,37.7729273,-122.2143323,2676
OAKLAND,94602,37.8015517,-122.2143323,2876
OAKLAND,94603,37.7355719,-122.1802812,2609
OAKLAND,94605,37.7554905,-122.1462193,2772
OAKLAND,94606,37.7944092,-122.2455364,2879
OAKLAND,94607,37.8134679,-122.307917,3038
EMERYVILLE,94608,37.837959,-122.2824021,3012
OAKLAND,94609,37.8321173,-122.2625529,3163
OAKLAND,94610,37.8104485,-122.2398636,3158
OAKLAND,94611,37.8336281,-122.2029832,3182
OAKLAND,94612,37.8113159,-122.2682245,3073
OAKLAND,94613,37.7816835,-122.1817002,3073
OAKLAND,94618,37.8438192,-122.2398636,3502
OAKLAND,94619,37.7936811,-122.1462193,2857
OAKLAND,94621,37.7347438,-122.2143323,2639
BERKELEY,94702,37.8680576,-122.2852374,3164
BERKELEY,94703,37.8524741,-122.2738958,3161
BERKELEY,94704,37.8637376,-122.2682245,3287
BERKELEY,94705,37.8646149,-122.2341905,3431
ALBANY,94706,37.8883952,-122.2965778,3114
BERKELEY,94707,37.8983665,-122.2795667,3492
BERKELEY,94708,37.9020612,-122.259717,4204
BERKELEY,94709,37.8796524,-122.2668066,3477
BERKELEY,94710,37.8645848,-122.2965778,3093
BERKELEY,94720,37.870151,-122.2594606,3093
RICHMOND,94801,37.9429522,-122.3900901,2600
EL SOBRANTE,94803,37.9587253,-122.2767313,2766
RICHMOND,94804,37.9158152,-122.3390936,2704
RICHMOND,94805,37.9383242,-122.3277578,2671
SAN PABLO,94806,37.9759027,-122.3447611,2555
SAN RAFAEL,94901,37.9650627,-122.503327,3452
SAN RAFAEL,94903,38.0270044,-122.5485873,3305
GREENBRAE,94904,37.941063,-122.5655549,3974
BELVEDERE TIBURON,94920,37.8839827,-122.4580469,5419
CORTE MADERA,94925,37.920558,-122.5089856,4598
FAIRFAX,94930,37.9873145,-122.5891656,3412
FOREST KNOLLS,94933,38.0008669,-122.6786008,3420
LAGUNITAS,94938,38.0152314,-122.7237843,3766
LARKSPUR,94939,37.938818,-122.5344456,3981
MILL VALLEY,94941,37.9060624,-122.5712101,4318
NOVATO,94945,38.1218145,-122.5485873,3364
NICASIO,94946,38.0607149,-122.6842498,4842
NOVATO,94947,38.1245731,-122.6616518,3181
NOVATO,94949,38.0599857,-122.503327,3062
PETALUMA,94954,38.2473117,-122.5712101,2759
SAN ANSELMO,94960,37.9885355,-122.5655549,3282
SAN GERONIMO,94963,38.0046478,-122.6588267,3808
SAN QUENTIN,94964,37.94018,-122.4877642,4119
SAUSALITO,94965,37.8444843,-122.5089856,4119
STINSON BEACH,94970,37.9105306,-122.6333973,3871
WOODACRE,94973,38.0051761,-122.6418745,3639
ALVISO,95002,37.4268706,-121.9721944,2941
MILPITAS,95035,37.4323716,-121.8993526,3174
SAN JOSE,95134,37.4308503,-121.9529992,3187
MOUNT HAMILTON,95140,37.385095,-121.6397184,3188
SONOMA,95476,38.2315738,-122.4693688,2793
DIXON,95620,38.3897438,-121.7651362,2163
